0.007871
0.005693
0.006313
0.005757
0.003832
0.000641
-0.003373
-0.007468
-0.010731
-0.012293
-0.011523
-0.008250
-0.002894
0.003567
0.009700
0.013930
0.014863
0.011679
0.004405
-0.005926
-0.017344
-0.027210
-0.032673
-0.031223
-0.021235
-0.002401
0.024069
0.055515
0.088178
0.117783
0.140240
0.152346
0.152346
0.140240
0.117783
0.088178
0.055515
0.024069
-0.002401
-0.021235
-0.031223
-0.032673
-0.027210
-0.017344
-0.005926
0.004405
0.011679
0.014863
0.013930
0.009700
0.003567
-0.002894
-0.008250
-0.011523
-0.012293
-0.010731
-0.007468
-0.003373
0.000641
0.003832
0.005757
0.006313
0.005693
0.007871
