-0.000898
-0.003388
-0.006387
-0.006315
-0.000254
0.009206
0.013998
0.008475
-0.002364
-0.006107
0.002636
0.013297
0.010386
-0.005627
-0.015002
-0.002586
0.018708
0.019328
-0.007815
-0.030341
-0.012712
0.031778
0.044203
-0.009041
-0.075792
-0.053216
0.100753
0.299324
0.390558
0.299324
0.100753
-0.053216
-0.075792
-0.009041
0.044203
0.031778
-0.012712
-0.030341
-0.007815
0.019328
0.018708
-0.002586
-0.015002
-0.005627
0.010386
0.013297
0.002636
-0.006107
-0.002364
0.008475
0.013998
0.009206
-0.000254
-0.006315
-0.006387
-0.003388
-0.000898
